Test set: Average loss: 0.4903, Accuracy: 8490/10000 (85%)
hidden_nodes =260
[[858.   3.   1.   6.  23.  33.   4.  35.  32.   5.]
 [  5. 819.  37.   3.  18.  10.  53.   6.  19.  30.]
 [  8.  11. 837.  46.  10.  18.  25.  12.  23.  10.]
 [  3.  11.  25. 923.   3.  13.   3.   2.   9.   8.]
 [ 41.  27.  21.   7. 819.   9.  29.  16.  17.  14.]
 [  9.  14.  81.   8.  10. 840.  21.   2.  10.   5.]
 [  3.  15.  49.   9.  15.   4. 889.   8.   2.   6.]
 [ 19.  13.  20.   2.  20.  10.  27. 836.  23.  30.]
 [ 12.  26.  27.  54.   2.   9.  28.   4. 831.   7.]
 [  3.  18.  46.   7.  29.   7.  23.  19.  10. 838.]]

Test set: Average loss: 0.4995, Accuracy: 8479/10000 (85%)
[[866.   2.   2.   4.  22.  26.   4.  42.  27.   5.]
 [  4. 812.  39.   2.  15.  10.  62.   8.  17.  31.]
 [  8.  16. 833.  43.  12.  19.  28.  12.  14.  15.]
 [  3.  10.  27. 925.   2.  14.   4.   1.   7.   7.]
 [ 39.  26.  18.   6. 818.   8.  28.  20.  22.  15.]
 [ 10.  16.  77.   9.  12. 832.  21.   3.  15.   5.]
 [  3.  15.  47.  11.  12.   4. 892.   9.   1.   6.]
 [ 22.  11.  19.   3.  14.   8.  30. 840.  20.  33.]
 [ 11.  34.  26.  53.   6.   7.  33.   5. 818.   7.]
 [  3.  18.  50.   6.  27.   5.  22.  16.  10. 843.]]

